,53290643
,53599104
,53526366
,53601691
,53923324
,54160791
,54342550
,54226834
,54828278
,54915962
,55102390
,55354554
,55625034
,56102613
,56297855
,56610132
,56282763
,55954335
,55976597
,55932980
,55577795
,55734384
,54862541
,54905563
,54969032
,54780163
,54670985
,54821483
,54905662
,54760659
,54745906
,54596018
,54621176
,54446215
,54454480
,54463520
,54291532
,54367832
,54404742
,54445790
,54854097
,54836669
,55123978
,55024908
,55397437
,55406243
,55502915
,55704826
,55704826
,55632488
,55855500
,55627691
,54777587
,55120100
,55314074
,54786743
,55307533
,55085368
,55387765
,55315092
,55313145
,55218372
,55300586
,55300410
,55144666
,55063287
,55024122
,55033398
,55385443
,55089078
,54915762
,55028531
,55439443
,55936589
,55731951
,55602722
,55393391
,55431029
,55427052
,55135877
,55518294
,55600689
,55615503
,55670042
,55438091
,55250284
,55142353
,55203212
,55326788
,55357240
,55342114
,55257197
,55119136
,55470929
,55527163
,55377722
,55126521
,55242878
,55294717
,55320890
,55643823
,55686730
,55819092
,55848236
,55810713
,55556775
,55811327
,55743247
,55676732
,55479787
,55431942
,55321939
,55196731
,55392270
,55083897
,54608840
,54531202
,54224684
,54157606
,53959307
,53885118
,53636118
,53894986
,53845404
,53853985
,53854669
,53807577
,53748916
,53947402
,53997735
,53962640
,53713392
,53627116
,53512030
,53404431
,53660605
,53528082
,53402853
,53171764
,53113347
,53099046
,52925110
,52923060
,52916496
,52875061
,52846653
,52755437
,52518284
,52245884
,51807641
,51453886
,51483299
,51317840
,51293835
,51293835
,51273686
,51227880
,51218214
,51025393
,51012626
,50960816
,50983254
,50997912
,50910801
,50881724
,50762765
,50612798
,50536928
,50528473
,50334252
,50235886
,50220247
,50216103
,50093481
,50060529
,49942772
,49914311
,49880252
,49746873
,49716720
,49754404
,49666454
,49635309
,49687471
,49628161
,49595682
,49586291
,49557803
,49485527
,49387628
,49476627
,49476627
,49336787
,49316080
,49244056
,49244056
,49156989
,49137678
,49139638
,49132204
,49123687
,49113683
,49098166
,49088434
,48992475
,49231717
,49231717
,49152475
,49142890
,49142890
,49068115
,49015835
,49150333
,49150333
,49149028
,49149028
,49037838
,49130823
,49112674
,49112674
,49053894
,48941874
,48941874
,48935043
,48829583
,48829583
,48928549
,48905997
,48905997
,49228629
,49228629
,49200572
,49200572
,49107479
,49107479
,49171694
,49309667
,49290329
,49290329
,49290329
,49171253
,49077141
,49018340
,49012302
,48960290
,48937108
,48832116
,48832116
,48769301
,48738014
,48699081
,48705804
,48708365
,48848268
,48764226
,48669083
,48655241
,48248913
,48127894
,48174824
,48174824
,48021792
,48006051
,48016335
,48016335
,48016335
,48016335
,48125221
,48142074
,48142074
,48173890
,48079843
,48079843
,48087955
,47992459
,48019549
,48019549
,47986076
,47986076
,47986076
,47912699
,47813347
,47805145
,47780855
,47780855
,47780855
,47780855
,47720701
,47720701
,47552672
,47552672
,47475974
,47437813
,47433801
,47484151
,47521743
,47513616
,47504837
,47504837
,47449478
,47504906
,47563716
,47563716
,47563716
,47629824
,47539843
,47568423
,47568423
,47554372
,47478289
,47326176
,47178789
,47178789
,47239259
,47231253
,47325375
,47311466
,47312996
,47312996
,47312996
,47306374
,47305855
,47238739
,47238739
,47221101
,47227732
,47236590
,47208415
,47208415
,47182587
,47109478
,47094054
,47029539
,46993146
,46993146
,46789932
,46772460
,46772460
,46737852
,46706951
,46606353
,46737463
,46737463
,46617083
,46617083
,46617083
,46646546
,46646546
,46677152
,46713445
,46737943
,46760711
,46760711
,46760711
,46760711
,46765920
,46765920
,46765920
,46756227
,46544594
,46542012
,46542012
,46595728
,46598262
,46598262
,46598262
,46602619
,46602619
,46612819
,46612819
,46612819
,46612819
,46612819
,46612819
,46612819
,46459938
,46390366
,46390366
,46390366
,46390366
,46380772
,46380772
,46380772
,46380772
,46380772
,46380772
,46297349
,46229388
,46229388
,46234701
,46234701
,46309436
,46279440
,46279440
,46279440
,46246136
,46246136
,46246136
,46278572
,46278572
,46223030
,46223030
,46223030
,46223030
,46223030
,46089516
,46089516
,46154023
,46154023
,46197944
,46195423
,46195423
,46158892
,46151771
,46151771
,46151771
,46209935
,46209935
,46209935
,46209278
,46311089
,46311089
,46130873
,46130873
,46130873
,46191527
,46257161
,46257161
,46106094
,46106094
,46053377
,46012225
,46012225
,45978489
,45975059
,45990305
,45990305
,45913034
,45975661
,45975661
,45968652
,45968652
,45950950
,45965379
,45932175
,45775783
,45775783
,45792572
,45646015
,45646015
,45700527
,45741298
,45714269
,45704415
,45661169
,45661169
,45575418
,45609565
,45609565
,45609565
,45546720
,45475294
,45451295
,45398193
,45451181
,45388860
,45388860
,45388860
,45405915
,45345200
,45360267
,45297943
,45297943
,45248901
,45261625
,45261625
,45261625
,45164036
,45204220
,45204220
,45204220
,45204220
,45204220
,45106470
,45106470
,45028944
,44912988
,44811363
,44811363
,44768517
,44768517
,44768517
,44768517
,44745895
,44741433
,44688548
,44688548
,44688548
,44668405
,44668405
,44668405
,44704880
,44704880
,44663883
,44663883
,44663883
,44603852
,44550764
,44550764
,44550764
,44550764
,44494842
,44443994
,44443994
,44349341
,44349341
,44171767
,44112215
,44112215
,44112215
,44121970
,44057891
,44057891
,44012592
,43961372
,43961372
,43868776
,43839679
,43862689
,43804781
,43764648
,43723322
,43612839
,43501144
,43399180
,43362843
,43362843
,43255537
,43255537
,43189380
,43145136
,43080111
,43007399
,42754865
,42572726
,42472228
,42461306
,42189767
,41974806
,41803885
,41699569
,41478495
,41255848
,41079623
,40896327
,40683191
,40546158
,40171105
,39963587
,39831690
,39599413
,39077134
,38516504
,38304277
,38188486
,38160518
,38092256
,38066229
,38039712
,38001986
,38001986
,37914978
,37914978
,37904686
,37904686
,37895456
,37886610
,37695197
,37695197
,37695197
,37571061
,37561110
,37386995
,37406023
,37416550
,37416550
,37528472
,37630560
,37630560
,37630560
,37630560
,37630560
,37624768
,37624768
,37624768
,37624768
,37607038
,37607038
,37607038
,37607038
,37607038
,37607038
,37606583
,37622896
,37622896
,37628178
,37628178
,37628178
,37766784
,37629163
,37629163
,37590734
,37590734
,37590734
,37589140
,37569685
,37781682
,37781682
,37781682
,37751580
,37751580
,37751580
,37720872
,37720872
,37748564
,37748564
,37748564
,37738861
,37870002
,37870002
,37870002
,37870002
,37767998
,37645526
,37624201
,37617054
,37774229
,37774229
,37786657
,37789637
,37677708
,37850983
,37860431
,37577357
,37569141
,37660593
,37378329
,37377338
,37377338
,37389599
,37303561
,37328350
,37438889
,37439248
,37460801
,37460801
,37453196
,37453196
,37352327
,37253975
,37162157
,37271628
,37166917
,37166917
,37166917
,37166917
,37166917
,37166917
,37072981
,37155893
,37045836
,37045836
,37039886
,37180666
,37180666
,37180666
,37180666
,37061999
,37034192
,36784786
,36799686
,36701792
,36821268
,36821268
,36821268
,36821268
,36774423
,36774423
,36774423
,36776142
,36776142
,36776142
,36776142
,36779308
,36779308
,36779308
,36779308
,36779308
,36779308
,36779308
,36779308
,36779308
,36658119
,36658119
,36658119
,36757416
,36757416
,36760499
,36760499
,36760499
,36760499
,36645482
,36535624
,36434012
,36434012
,36434012
,36434012
,36434012
,36434012
,36434012
,36434012
,36434012
,36434012
,36458183
,36458183
,36458183
,36458183
,36458183
,36458183
,36458183
,36555196
,36555196
,36555196
,36652412
,36768877
,36768877
,36768877
,36768877
,36768877
,36768877
,36768877
,36768877
,36854186
,36854186
,36854186
,36854186
,36854186
,36854186
,36854186
,36854186
,36854186
,36854186
,36854186
,36854186
,36854186
,36844551
,36844551
,36844551
,36844551
,36844551
,36844551
,36844551
,36844551
,36844551
,36844551
,36744235
,36744235
,36744235
,36744235
,36741278
,36741278
,36741278
,36741278
,36741278
,36741278
,36741278
,36741278
,36741278
,36741278
,36741278
,36741278
,36741278
,36741278
,36741278
,36741278
,36741278
,36741278
,36741278
,36741278
,36741278
,36741278
,36741278
,36741278
,36741278
,36747590
,36739335
,36739335
,36757083
,36757083
,36757083
,36762166
,36762166
,36762166
,36885635
,36885635
,36885635
,36885635
,36885635
,36885635
,36885635
,36885635
,36885635
,36885635
,36885635
,36885635
,36885635
,36885635
,36994240
,36994240
,36994240
,36994240
,36994240
,36994240
,36994240
,36994240
,36994240
,36994240
,36994240
,36994240
,36994240
,36994240
,36994240
,36994240
,36994240
,36994240
,36985340
,36985340
,36985340
,36985340
,36985340
,36985340
,36985340
,36985340
,36985340
,36985340
,36985340
,36995885
,36995885
,36995885
,36995885
,36995885
,36995885
,36995885
,36995885
,36995885
,36995885
,36982000
,36982000
,36982000
,36982000
,36857687
,36857687
,36857687
,36857687
,36857687
,36857687
,36857687
,36857687
,36857687
,36857687
,36857687
,36857687
,36857687
,36857687
,36857687
,36856858
,36858884
,36858884
,36858884
,36858884
,36858884
,36858884
,36858884
,36979913
,36979913
,36979913
,36956542
,36956542
,36956542
,36956542
,36956542
,36956542
,36956943
,36956943
,36956943
,36956943
,36915729
,36915729
,36915729
,36900489
,36882068
,36882068
,36882068
,36882068
,36882068
,36882068
,36882068
,36882068
,36882068
,36882068
,36882068
,36756040
,36756040
,36756040
,36756040
,36756040
,36756040
,36756040
,36756040
,36756040
,36756040
,36756040
,36756040
,36756040
,36756040
,36756040
,36756040
,36756040
,36756040
,36756040
,36756040
,36756040
,36756040
,36756040
,36756040
,36756040
,36756040
,36756040
,36756040
,36756040
,36756040
,36756040
,36756040
,36756040
,36756040
,36756040
,36756040
,36756040
,36756040
,36756040
,36756040
,36756040
,36756040
,36756040
,36756040
,36756040
,36756040
,36756040
,36756040
,36756040
,36756040
,36756040
,36756040
,36756040
,36756040
,36756040
,36756040
,36756040
,36756040
,36756040
,36756040
,36756040
,36756040
,36756040
,36720835
,36720835
,36720835
,36720835
,36720835
