74
74
74
74
74
74
74
74
74
73
73
73
72
72
71
71
71
72
73
73
74
73
73
74
74
74
75
75
75
75
75
75
75
75
75
75
75
75
75
75
75
75
74
74
74
74
73
74
74
74
74
75
76
76
75
76
75
76
75
75
75
75
75
75
75
75
75
75
75
75
76
75
75
74
74
75
75
75
76
77
76
76
76
76
76
76
76
76
76
76
76
76
77
76
76
76
76
76
76
76
76
75
75
75
75
75
74
74
74
74
74
74
74
74
74
75
75
74
74
75
75
75
74
74
74
74
74
74
74
73
74
73
73
73
74
74
74
74
74
74
74
74
74
74
74
74
74
74
74
75
75
75
75
75
75
75
76
76
76
76
76
76
76
77
77
77
78
79
79
79
79
80
80
80
80
81
81
81
82
82
82
82
82
82
82
82
82
82
83
84
83
83
84
84
84
84
84
84
84
84
84
84
84
84
84
83
83
83
83
83
83
83
83
83
83
83
84
83
83
83
83
84
84
84
84
84
84
84
84
83
83
83
83
83
83
83
83
83
83
83
83
83
84
83
84
84
84
84
84
84
84
84
84
84
84
84
84
85
85
85
85
85
85
85
85
85
85
85
85
85
84
85
85
85
85
85
85
85
85
85
85
85
85
85
85
85
85
85
85
85
85
86
86
86
86
86
86
86
86
86
86
86
86
86
86
86
86
86
86
86
86
86
86
86
86
86
86
86
86
86
86
86
86
86
86
86
86
86
86
86
86
86
86
86
86
87
87
87
87
87
87
86
86
87
87
87
86
86
86
86
86
86
86
86
86
86
86
86
86
87
87
87
87
87
87
87
86
86
86
86
86
86
86
86
86
87
87
87
87
87
87
87
87
87
87
87
87
87
87
87
87
87
87
87
87
88
88
88
88
88
88
88
88
88
88
88
88
88
88
88
88
88
88
88
88
88
88
88
88
88
87
87
88
88
88
88
87
87
88
88
88
88
88
88
88
88
88
88
88
88
88
88
88
88
88
89
89
89
89
89
88
88
88
88
88
88
89
89
89
89
89
89
90
90
90
90
90
90
90
90
90
90
90
90
90
90
90
90
90
90
90
90
90
90
90
90
91
91
91
91
91
91
91
91
91
91
91
91
91
91
91
91
91
91
91
91
91
91
91
91
91
91
91
91
92
92
92
92
92
92
92
92
92
92
93
93
93
93
93
94
94
94
94
94
95
95
95
95
95
95
96
96
96
97
98
98
98
99
100
101
101
102
103
103
104
105
106
107
108
109
110
114
117
118
119
119
120
120
120
121
121
121
121
121
121
121
121
122
122
122
122
122
123
123
123
123
123
122
122
122
122
122
122
122
122
122
122
122
122
122
122
122
122
122
122
122
122
122
122
122
122
122
122
122
122
122
122
122
122
122
122
122
122
122
122
122
122
122
121
121
121
121
122
122
122
122
122
122
122
122
122
122
121
123
123
122
123
123
123
123
123
123
123
123
123
123
123
123
123
124
124
124
124
124
124
124
124
124
124
124
125
125
125
124
124
124
124
125
125
126
126
126
126
126
126
126
126
126
126
126
126
126
126
126
126
126
126
126
126
126
126
126
127
127
127
126
126
126
126
126
126
127
127
128
128
128
128
128
128
128
128
128
128
128
128
128
128
128
128
128
127
127
127
127
127
127
127
127
127
127
127
127
126
126
126
126
126
126
126
126
126
126
126
126
126
126
126
126
126
126
126
126
126
126
126
127
127
127
127
127
127
127
127
127
127
127
127
127
127
127
127
127
127
127
127
127
127
127
127
127
127
127
127
127
127
127
127
127
127
127
127
127
127
126
126
126
126
126
126
126
126
126
126
126
126
126
126
126
126
126
126
126
126
126
126
126
126
126
126
126
126
126
126
126
126
126
126
126
126
126
126
126
126
126
126
126
126
126
126
126
126
126
126
126
126
126
126
126
126
126
126
126
126
126
126
126
126
126
126
126
126
126
126
126
126
126
126
126
126
126
126
126
126
126
126
126
126
126
126
126
126
126
126
126
126
126
126
126
126
126
126
126
126
126
126
126
126
126
126
126
126
127
127
127
127
127
127
127
127
127
127
127
127
127
127
127
127
127
127
127
127
127
127
127
127
127
127
127
127
127
127
127
127
127
127
127
127
127
127
127
127
127
127
127
127
127
127
127
127
127
127
127
127
127
127
127
127
127
127
127
127
127
127
127
127
127
127
127
127
